run with version 1.0
Val1: 0.80, Val2: 0.09, Val3: 5, Val4: 5
Perturb and Observe
0, 0.89, 0.32,     0.71, 0.58,     0.80, 0.22
1, 0.89, 2.00,     0.71, 0.27,     0.80, 0.90
2, 0.89, 2.13,     0.71, 1.82,     0.80, 1.98
3, 0.89, 0.00,     0.71, 1.07,     0.80, 0.76
4, 0.89, 1.60,     0.71, 0.03,     0.80, 0.64
5, 0.89, 0.05,     0.71, 0.06,     0.80, 0.08
6, 0.89, 1.44,     0.71, 1.68,     0.80, 1.65
7, 0.89, 2.07,     0.71, 1.75,     0.80, 1.94

0, 0.86, 0.29,     0.68, 0.44,     0.77, 0.06
1, 0.92, 2.34,     0.74, 0.38,     0.83, 1.15
2, 0.92, 1.67,     0.74, 1.86,     0.83, 1.89
3, 0.86, 0.33,     0.68, 1.16,     0.77, 0.56
4, 0.92, 1.91,     0.74, 0.15,     0.83, 0.83
5, 0.86, 0.07,     0.68, 0.05,     0.77, 0.08
6, 0.86, 1.26,     0.68, 1.73,     0.77, 1.65
7, 0.92, 1.90,     0.74, 1.67,     0.83, 1.82

0, 0.83, 0.31,     0.65, 0.68,     0.74, 0.36
1, 0.95, 2.85,     0.77, 0.57,     0.86, 1.50
2, 0.89, 1.65,     0.71, 1.80,     0.80, 1.85
3, 0.83, 0.13,     0.65, 1.04,     0.74, 0.77
4, 0.95, 2.33,     0.77, 0.31,     0.86, 1.10
5, 0.89, 0.09,     0.71, 0.06,     0.80, 0.08
6, 0.83, 1.07,     0.65, 1.78,     0.74, 1.60
7, 0.95, 1.86,     0.77, 1.58,     0.86, 1.75

0, 0.80, 0.08,     0.62, 0.73,     0.71, 0.40
1, 0.98, 3.41,     0.80, 0.80,     0.89, 1.87
2, 0.86, 1.63,     0.68, 1.73,     0.77, 1.80
3, 0.80, 0.42,     0.62, 1.06,     0.71, 0.92
4, 0.98, 2.82,     0.80, 0.51,     0.89, 1.44
5, 0.92, 0.07,     0.74, 0.06,     0.83, 0.07
6, 0.80, 0.79,     0.62, 1.76,     0.71, 1.49
7, 0.98, 1.84,     0.80, 1.51,     0.89, 1.71

0, 0.77, 0.22,     0.59, 0.76,     0.68, 0.60
1, 1.01, 4.05,     0.83, 1.10,     0.92, 2.30
2, 0.83, 1.69,     0.65, 1.65,     0.74, 1.76
3, 0.77, 0.67,     0.59, 1.06,     0.68, 1.00
4, 1.01, 3.39,     0.83, 0.86,     0.92, 1.91
5, 0.95, 0.09,     0.77, 0.08,     0.86, 0.09
6, 0.77, 0.47,     0.59, 1.78,     0.68, 1.34
7, 1.01, 1.78,     0.83, 1.45,     0.92, 1.63

0, 0.74, 0.31,     0.56, 0.74,     0.65, 0.63
1, 1.04, 4.71,     0.86, 1.38,     0.95, 2.77
2, 0.86, 1.46,     0.68, 1.71,     0.77, 1.73
3, 0.74, 0.71,     0.56, 1.03,     0.65, 0.97
4, 1.04, 3.92,     0.86, 1.05,     0.95, 2.18
5, 0.98, 0.10,     0.80, 0.06,     0.89, 0.09
6, 0.74, 0.10,     0.56, 1.72,     0.65, 1.15
7, 1.04, 1.70,     0.86, 1.38,     0.95, 1.57

0, 0.71, 0.46,     0.53, 0.78,     0.62, 0.72
1, 1.07, 5.45,     0.89, 1.75,     0.98, 3.27
2, 0.83, 1.53,     0.65, 1.65,     0.74, 1.73
3, 0.71, 0.80,     0.53, 1.01,     0.62, 1.00
4, 1.07, 4.56,     0.89, 1.35,     0.98, 2.72
5, 1.01, 0.06,     0.83, 0.10,     0.92, 0.09
6, 0.71, 0.49,     0.53, 1.64,     0.62, 0.91
7, 1.07, 1.67,     0.89, 1.31,     0.98, 1.51

0, 0.68, 0.56,     0.50, 0.80,     0.59, 0.73
1, 1.10, 6.14,     0.92, 2.21,     1.01, 3.87
2, 0.80, 1.61,     0.62, 1.57,     0.71, 1.69
3, 0.68, 0.90,     0.50, 0.98,     0.59, 1.02
4, 1.10, 5.30,     0.92, 1.78,     1.01, 3.25
5, 0.98, 0.08,     0.80, 0.08,     0.89, 0.09
6, 0.68, 1.17,     0.50, 1.52,     0.59, 0.55
7, 1.10, 1.62,     0.92, 1.24,     1.01, 1.44

0, 0.65, 0.65,     0.47, 0.79,     0.56, 0.76
1, 1.13, 6.95,     0.95, 2.62,     1.04, 4.43
2, 0.83, 1.43,     0.65, 1.64,     0.74, 1.67
3, 0.65, 0.98,     0.47, 0.95,     0.56, 1.02
4, 1.13, 6.12,     0.95, 2.18,     1.04, 3.83
5, 0.95, 0.09,     0.77, 0.05,     0.86, 0.09
6, 0.65, 2.02,     0.47, 1.34,     0.56, 0.19
7, 1.13, 1.54,     0.95, 1.19,     1.04, 1.36

0, 0.62, 0.73,     0.44, 0.81,     0.53, 0.84
1, 1.16, 7.85,     0.98, 3.14,     1.07, 5.12
2, 0.80, 1.50,     0.62, 1.57,     0.71, 1.64
3, 0.68, 0.91,     0.50, 1.01,     0.59, 1.05
4, 1.16, 7.04,     0.98, 2.62,     1.07, 4.39
5, 0.98, 0.10,     0.80, 0.05,     0.89, 0.07
6, 0.68, 3.07,     0.50, 1.09,     0.59, 0.39
7, 1.16, 1.58,     0.98, 1.25,     1.07, 1.43

0, 0.59, 0.78,     0.41, 0.80,     0.50, 0.83
1, 1.19, 8.81,     1.01, 3.71,     1.10, 5.90
2, 0.77, 1.56,     0.59, 1.50,     0.68, 1.60
3, 0.65, 0.98,     0.47, 0.97,     0.56, 1.05
4, 1.19, 8.17,     1.01, 3.19,     1.10, 5.24
5, 1.01, 0.02,     0.83, 0.07,     0.92, 0.07
6, 0.71, 4.24,     0.53, 0.75,     0.62, 1.06
7, 1.19, 1.62,     1.01, 1.31,     1.10, 1.49

0, 0.56, 0.82,     0.38, 0.78,     0.47, 0.84
1, 1.22, 9.86,     1.04, 4.28,     1.13, 6.70
2, 0.80, 1.41,     0.62, 1.56,     0.71, 1.57
3, 0.68, 0.93,     0.50, 1.01,     0.59, 1.03
4, 1.22, 9.27,     1.04, 3.71,     1.13, 6.01
5, 0.98, 0.04,     0.80, 0.08,     0.89, 0.09
6, 0.74, 5.59,     0.56, 0.29,     0.65, 1.97
7, 1.22, 1.64,     1.04, 1.37,     1.13, 1.55

0, 0.59, 0.77,     0.41, 0.79,     0.50, 0.84
1, 1.25, 11.05,     1.07, 5.02,     1.16, 7.61
2, 0.77, 1.51,     0.59, 1.49,     0.68, 1.58
3, 0.65, 1.00,     0.47, 0.99,     0.56, 1.03
4, 1.25, 10.65,     1.07, 4.40,     1.16, 7.03
5, 0.95, 0.02,     0.77, 0.08,     0.86, 0.09
6, 0.77, 7.22,     0.59, 0.24,     0.68, 2.97
7, 1.25, 1.64,     1.07, 1.46,     1.16, 1.61

0, 0.56, 0.83,     0.38, 0.77,     0.47, 0.83
1, 1.28, 12.36,     1.10, 5.77,     1.19, 8.59
2, 0.80, 1.38,     0.62, 1.56,     0.71, 1.57
3, 0.68, 0.91,     0.50, 1.02,     0.59, 1.04
4, 1.28, 12.15,     1.10, 5.22,     1.19, 8.06
5, 0.92, 0.04,     0.74, 0.06,     0.83, 0.08
6, 0.80, 8.95,     0.62, 0.95,     0.71, 4.19
7, 1.28, 1.61,     1.10, 1.49,     1.19, 1.63

0, 0.59, 0.78,     0.41, 0.80,     0.50, 0.82
1, 1.31, 13.67,     1.13, 6.68,     1.22, 9.71
2, 0.77, 1.48,     0.59, 1.48,     0.68, 1.57
3, 0.65, 0.94,     0.47, 0.96,     0.56, 1.01
4, 1.31, 13.62,     1.13, 6.03,     1.22, 9.17
5, 0.89, 0.07,     0.71, 0.06,     0.80, 0.05
6, 0.83, 10.80,     0.65, 1.88,     0.74, 5.66
7, 1.31, 1.62,     1.13, 1.57,     1.22, 1.67

0, 0.56, 0.78,     0.38, 0.77,     0.47, 0.84
1, 1.34, 15.09,     1.16, 7.56,     1.25, 10.94
2, 0.80, 1.36,     0.62, 1.55,     0.71, 1.57
3, 0.62, 0.99,     0.44, 0.91,     0.53, 1.01
4, 1.34, 15.43,     1.16, 6.98,     1.25, 10.60
5, 0.92, 0.07,     0.74, 0.04,     0.83, 0.07
6, 0.86, 12.78,     0.68, 2.91,     0.77, 7.27
7, 1.34, 1.52,     1.16, 1.62,     1.25, 1.68

0, 0.59, 0.80,     0.41, 0.78,     0.50, 0.83
1, 1.37, 16.75,     1.19, 8.56,     1.28, 12.16
2, 0.77, 1.48,     0.59, 1.49,     0.68, 1.54
3, 0.65, 0.95,     0.47, 0.98,     0.56, 1.02
4, 1.37, 17.40,     1.19, 8.13,     1.28, 12.19
5, 0.95, 0.08,     0.77, 0.08,     0.86, 0.05
6, 0.89, 10.70,     0.71, 1.83,     0.80, 5.61
7, 1.31, 1.43,     1.13, 1.66,     1.22, 1.69

0, 0.62, 0.79,     0.44, 0.83,     0.53, 0.83
1, 1.40, 18.41,     1.22, 9.70,     1.31, 13.67
2, 0.74, 1.51,     0.56, 1.42,     0.65, 1.51
3, 0.62, 0.98,     0.44, 0.93,     0.53, 0.99
4, 1.40, 19.62,     1.22, 9.39,     1.31, 13.85
5, 0.92, 0.04,     0.74, 0.06,     0.83, 0.08
6, 0.92, 8.89,     0.74, 0.84,     0.83, 4.09
7, 1.28, 1.26,     1.10, 1.70,     1.19, 1.68

0, 0.59, 0.82,     0.41, 0.81,     0.50, 0.85
1, 1.43, 20.24,     1.25, 10.94,     1.34, 15.08
2, 0.77, 1.40,     0.59, 1.49,     0.68, 1.51
3, 0.65, 0.93,     0.47, 0.95,     0.56, 1.01
4, 1.43, 21.82,     1.25, 10.91,     1.34, 15.69
5, 0.89, 0.07,     0.71, 0.07,     0.80, 0.08
6, 0.95, 7.07,     0.77, 0.09,     0.86, 2.85
7, 1.25, 1.07,     1.07, 1.76,     1.16, 1.61

0, 0.62, 0.79,     0.44, 0.83,     0.53, 0.83
1, 1.46, 22.18,     1.28, 12.34,     1.37, 16.73
2, 0.74, 1.44,     0.56, 1.40,     0.65, 1.50
3, 0.62, 0.99,     0.44, 0.92,     0.53, 1.01
4, 1.46, 22.11,     1.28, 12.19,     1.37, 17.60
5, 0.86, 0.10,     0.68, 0.05,     0.77, 0.08
6, 0.98, 5.45,     0.80, 0.54,     0.89, 1.81
7, 1.22, 0.79,     1.04, 1.76,     1.13, 1.49

0, 0.59, 0.78,     0.41, 0.78,     0.50, 0.82
1, 1.49, 23.83,     1.31, 13.74,     1.40, 18.57
2, 0.77, 1.38,     0.59, 1.47,     0.68, 1.52
3, 0.65, 0.94,     0.47, 0.96,     0.56, 1.03
4, 1.49, 22.11,     1.31, 13.93,     1.40, 19.70
5, 0.89, 0.05,     0.71, 0.04,     0.80, 0.08
6, 1.01, 4.01,     0.83, 0.99,     0.92, 0.88
7, 1.19, 0.47,     1.01, 1.74,     1.10, 1.37

0, 0.56, 0.79,     0.38, 0.76,     0.47, 0.82
1, 1.52, 23.81,     1.34, 15.32,     1.43, 20.50
2, 0.74, 1.44,     0.56, 1.41,     0.65, 1.50
3, 0.62, 1.00,     0.44, 0.94,     0.53, 1.02
4, 1.52, 22.14,     1.34, 15.53,     1.43, 22.06
5, 0.92, 0.09,     0.74, 0.06,     0.83, 0.07
6, 1.04, 2.84,     0.86, 1.30,     0.95, 0.19
7, 1.16, 0.13,     0.98, 1.70,     1.07, 1.12

0, 0.59, 0.73,     0.41, 0.78,     0.50, 0.82
1, 1.55, 23.80,     1.37, 17.05,     1.46, 22.50
2, 0.77, 1.35,     0.59, 1.47,     0.68, 1.50
3, 0.65, 0.95,     0.47, 0.97,     0.56, 1.05
4, 1.55, 22.14,     1.37, 17.80,     1.46, 22.11
5, 0.95, 0.08,     0.77, 0.06,     0.86, 0.09
6, 1.07, 1.83,     0.89, 1.56,     0.98, 0.35
7, 1.13, 0.49,     0.95, 1.67,     1.04, 0.91

0, 0.56, 0.76,     0.38, 0.75,     0.47, 0.80
1, 1.58, 23.84,     1.40, 18.63,     1.49, 23.79
2, 0.74, 1.44,     0.56, 1.42,     0.65, 1.48
3, 0.62, 1.02,     0.44, 0.93,     0.53, 1.01
4, 1.58, 22.10,     1.40, 19.76,     1.49, 22.17
5, 0.98, 0.10,     0.80, 0.06,     0.89, 0.07
6, 1.10, 0.97,     0.92, 1.77,     1.01, 0.77
7, 1.10, 1.06,     0.92, 1.50,     1.01, 0.59

0, 0.59, 0.74,     0.41, 0.78,     0.50, 0.80
1, 1.61, 23.87,     1.43, 20.44,     1.52, 23.87
2, 0.77, 1.35,     0.59, 1.47,     0.68, 1.50
3, 0.65, 0.94,     0.47, 0.94,     0.56, 1.02
4, 1.61, 22.08,     1.43, 22.11,     1.52, 22.11
5, 1.01, 0.06,     0.83, 0.07,     0.92, 0.07
6, 1.07, 0.30,     0.89, 1.86,     0.98, 1.12
7, 1.07, 0.43,     0.89, 1.70,     0.98, 0.92

0, 0.56, 0.79,     0.38, 0.75,     0.47, 0.80
1, 1.64, 23.74,     1.46, 22.51,     1.55, 23.78
2, 0.74, 1.44,     0.56, 1.39,     0.65, 1.47
3, 0.68, 0.90,     0.50, 1.00,     0.59, 1.03
4, 1.58, 22.07,     1.40, 19.92,     1.49, 22.13
5, 0.98, 0.10,     0.80, 0.08,     0.89, 0.09
6, 1.04, 0.27,     0.86, 1.92,     0.95, 1.37
7, 1.04, 0.15,     0.86, 1.74,     0.95, 1.20

0, 0.59, 0.72,     0.41, 0.78,     0.50, 0.82
1, 1.67, 23.77,     1.49, 23.75,     1.58, 23.87
2, 0.77, 1.34,     0.59, 1.47,     0.68, 1.48
3, 0.65, 0.96,     0.47, 0.96,     0.56, 1.01
4, 1.61, 21.99,     1.43, 22.09,     1.52, 22.13
5, 1.01, 0.08,     0.83, 0.07,     0.92, 0.07
6, 1.01, 0.65,     0.83, 1.94,     0.92, 1.55
7, 1.01, 0.47,     0.83, 1.81,     0.92, 1.40

0, 0.56, 0.79,     0.38, 0.76,     0.47, 0.82
1, 1.70, 23.73,     1.52, 23.75,     1.61, 23.72
2, 0.74, 1.41,     0.56, 1.37,     0.65, 1.45
3, 0.68, 0.88,     0.50, 1.02,     0.59, 1.02
4, 1.58, 22.06,     1.40, 19.73,     1.49, 22.15
5, 1.04, 0.06,     0.86, 0.09,     0.95, 0.08
6, 0.98, 0.96,     0.80, 1.91,     0.89, 1.64
7, 0.98, 0.83,     0.80, 1.78,     0.89, 1.54

0, 0.59, 0.74,     0.41, 0.79,     0.50, 0.81
1, 1.67, 23.69,     1.49, 23.84,     1.58, 23.90
2, 0.77, 1.35,     0.59, 1.46,     0.68, 1.47
3, 0.65, 0.98,     0.47, 0.99,     0.56, 1.05
4, 1.61, 22.01,     1.43, 22.09,     1.52, 22.13
5, 1.01, 0.08,     0.83, 0.08,     0.92, 0.07
6, 0.95, 1.26,     0.77, 1.85,     0.86, 1.76
7, 0.95, 1.07,     0.77, 1.77,     0.86, 1.63

0, 0.56, 0.78,     0.38, 0.75,     0.47, 0.82
1, 1.64, 23.82,     1.46, 22.58,     1.55, 23.89
2, 0.74, 1.42,     0.56, 1.40,     0.65, 1.46
3, 0.62, 1.01,     0.44, 0.93,     0.53, 1.02
4, 1.58, 22.16,     1.40, 20.05,     1.49, 22.08
5, 0.98, 0.10,     0.80, 0.06,     0.89, 0.09
6, 0.92, 1.40,     0.74, 1.83,     0.83, 1.78
7, 0.92, 1.26,     0.74, 1.73,     0.83, 1.69

0, 0.59, 0.75,     0.41, 0.79,     0.50, 0.81
1, 1.67, 23.77,     1.49, 23.80,     1.58, 23.86
2, 0.77, 1.32,     0.59, 1.47,     0.68, 1.47
3, 0.65, 0.95,     0.47, 0.97,     0.56, 1.05
4, 1.61, 21.76,     1.43, 22.08,     1.52, 22.12
5, 1.01, 0.06,     0.83, 0.07,     0.92, 0.07
6, 0.89, 1.55,     0.71, 1.76,     0.80, 1.80
7, 0.89, 1.43,     0.71, 1.65,     0.80, 1.67

0, 0.56, 0.80,     0.38, 0.75,     0.47, 0.79
1, 1.64, 23.84,     1.46, 22.49,     1.55, 23.88
2, 0.74, 1.42,     0.56, 1.39,     0.65, 1.45
3, 0.62, 1.01,     0.44, 0.93,     0.53, 1.03
4, 1.58, 22.10,     1.40, 20.20,     1.49, 22.04
5, 0.98, 0.10,     0.80, 0.06,     0.89, 0.09
6, 0.86, 1.62,     0.68, 1.72,     0.77, 1.78
7, 0.86, 1.52,     0.68, 1.59,     0.77, 1.72

0, 0.59, 0.74,     0.41, 0.78,     0.50, 0.79
1, 1.67, 23.85,     1.49, 23.81,     1.58, 23.80
2, 0.77, 1.31,     0.59, 1.46,     0.68, 1.45
3, 0.65, 0.95,     0.47, 0.98,     0.56, 1.03
4, 1.61, 22.11,     1.43, 22.05,     1.52, 22.08
5, 1.01, 0.10,     0.83, 0.08,     0.92, 0.09
6, 0.83, 1.71,     0.65, 1.66,     0.74, 1.79
7, 0.83, 1.58,     0.65, 1.57,     0.74, 1.67

0, 0.56, 0.76,     0.38, 0.75,     0.47, 0.79
1, 1.70, 23.70,     1.52, 23.83,     1.61, 23.85
2, 0.74, 1.38,     0.56, 1.38,     0.65, 1.45
3, 0.62, 1.02,     0.44, 0.93,     0.53, 1.04
4, 1.64, 21.91,     1.46, 22.08,     1.55, 22.13
5, 1.04, 0.06,     0.86, 0.07,     0.95, 0.09
6, 0.86, 1.59,     0.68, 1.72,     0.77, 1.78
7, 0.86, 1.47,     0.68, 1.62,     0.77, 1.66

0, 0.59, 0.73,     0.41, 0.77,     0.50, 0.80
1, 1.67, 23.73,     1.49, 23.84,     1.58, 23.84
2, 0.71, 1.42,     0.53, 1.34,     0.62, 1.42
3, 0.65, 0.94,     0.47, 0.99,     0.56, 1.03
4, 1.61, 22.25,     1.43, 22.08,     1.52, 22.10
5, 1.01, 0.06,     0.83, 0.08,     0.92, 0.04
6, 0.83, 1.68,     0.65, 1.65,     0.74, 1.73
7, 0.83, 1.55,     0.65, 1.57,     0.74, 1.67

0, 0.56, 0.75,     0.38, 0.74,     0.47, 0.79
1, 1.64, 23.75,     1.46, 22.34,     1.55, 23.89
2, 0.74, 1.35,     0.56, 1.40,     0.65, 1.46
3, 0.62, 1.01,     0.44, 0.93,     0.53, 1.02
4, 1.64, 21.92,     1.46, 22.11,     1.55, 22.09
5, 0.98, 0.06,     0.80, 0.08,     0.89, 0.07
6, 0.86, 1.70,     0.68, 1.60,     0.77, 1.71
7, 0.80, 1.43,     0.62, 1.62,     0.71, 1.66

0, 0.59, 0.74,     0.41, 0.78,     0.50, 0.80
1, 1.67, 23.84,     1.49, 23.87,     1.58, 23.85
2, 0.71, 1.40,     0.53, 1.32,     0.62, 1.39
3, 0.65, 0.96,     0.47, 0.98,     0.56, 1.00
4, 1.61, 22.49,     1.43, 22.02,     1.52, 22.19
5, 0.95, 0.02,     0.77, 0.06,     0.86, 0.09
6, 0.89, 1.72,     0.71, 1.54,     0.80, 1.64
7, 0.77, 1.30,     0.59, 1.65,     0.68, 1.62

0, 0.56, 0.77,     0.38, 0.75,     0.47, 0.79
1, 1.64, 23.80,     1.46, 22.44,     1.55, 23.79
2, 0.74, 1.38,     0.56, 1.39,     0.65, 1.43
3, 0.62, 0.99,     0.44, 0.93,     0.53, 1.00
4, 1.64, 21.89,     1.46, 22.13,     1.55, 22.10
5, 0.92, 0.05,     0.74, 0.04,     0.83, 0.08
6, 0.92, 1.71,     0.74, 1.47,     0.83, 1.62
7, 0.74, 1.16,     0.56, 1.70,     0.65, 1.58

0, 0.59, 0.72,     0.41, 0.77,     0.50, 0.79
1, 1.67, 23.81,     1.49, 23.82,     1.58, 23.78
2, 0.71, 1.42,     0.53, 1.32,     0.62, 1.41
3, 0.65, 0.96,     0.47, 0.96,     0.56, 1.01
4, 1.61, 21.92,     1.43, 22.08,     1.52, 22.09
5, 0.95, 0.08,     0.77, 0.08,     0.86, 0.09
6, 0.95, 1.68,     0.77, 1.39,     0.86, 1.55
7, 0.71, 0.91,     0.53, 1.70,     0.62, 1.54

0, 0.56, 0.74,     0.38, 0.75,     0.47, 0.81
1, 1.64, 23.77,     1.46, 22.58,     1.55, 23.86
2, 0.74, 1.35,     0.56, 1.40,     0.65, 1.43
3, 0.68, 0.90,     0.50, 1.01,     0.59, 1.03
4, 1.58, 22.05,     1.40, 19.98,     1.49, 22.14
5, 0.92, 0.04,     0.74, 0.07,     0.83, 0.08
6, 0.98, 1.65,     0.80, 1.32,     0.89, 1.50
7, 0.68, 0.67,     0.50, 1.75,     0.59, 1.41

0, 0.53, 0.77,     0.35, 0.71,     0.44, 0.78
1, 1.67, 23.76,     1.49, 23.80,     1.58, 23.75
2, 0.71, 1.38,     0.53, 1.32,     0.62, 1.40
3, 0.65, 0.98,     0.47, 0.97,     0.56, 1.04
4, 1.61, 22.04,     1.43, 22.05,     1.52, 22.08
5, 0.89, 0.07,     0.71, 0.06,     0.80, 0.05
6, 1.01, 1.61,     0.83, 1.24,     0.92, 1.42
7, 0.65, 0.32,     0.47, 1.72,     0.56, 1.27

0, 0.56, 0.76,     0.38, 0.74,     0.47, 0.78
1, 1.64, 23.70,     1.46, 22.69,     1.55, 23.84
2, 0.74, 1.36,     0.56, 1.40,     0.65, 1.46
3, 0.68, 0.90,     0.50, 1.01,     0.59, 1.03
4, 1.58, 21.99,     1.40, 19.98,     1.49, 22.08
5, 0.92, 0.05,     0.74, 0.07,     0.83, 0.07
6, 1.04, 1.56,     0.86, 1.17,     0.95, 1.38
7, 0.62, 0.17,     0.44, 1.62,     0.53, 1.07

0, 0.59, 0.73,     0.41, 0.75,     0.50, 0.79
1, 1.67, 23.89,     1.49, 23.76,     1.58, 23.86
2, 0.71, 1.39,     0.53, 1.32,     0.62, 1.39
3, 0.65, 0.95,     0.47, 0.99,     0.56, 1.03
4, 1.61, 21.69,     1.43, 22.11,     1.52, 22.14
5, 0.89, 0.05,     0.71, 0.06,     0.80, 0.06
6, 1.07, 1.49,     0.89, 1.08,     0.98, 1.31
7, 0.59, 0.62,     0.41, 1.58,     0.50, 0.79

0, 0.56, 0.73,     0.38, 0.74,     0.47, 0.79
1, 1.70, 23.69,     1.52, 23.76,     1.61, 23.84
2, 0.74, 1.36,     0.56, 1.38,     0.65, 1.42
3, 0.62, 1.02,     0.44, 0.93,     0.53, 1.02
4, 1.58, 22.16,     1.40, 19.92,     1.49, 22.13
5, 0.86, 0.07,     0.68, 0.04,     0.77, 0.08
6, 1.10, 1.45,     0.92, 1.02,     1.01, 1.23
7, 0.56, 1.14,     0.38, 1.42,     0.47, 0.47

0, 0.53, 0.73,     0.35, 0.71,     0.44, 0.77
1, 1.67, 23.80,     1.49, 23.75,     1.58, 23.78
2, 0.71, 1.37,     0.53, 1.31,     0.62, 1.42
3, 0.65, 0.96,     0.47, 0.99,     0.56, 1.04
4, 1.61, 22.15,     1.43, 22.10,     1.52, 22.12
5, 0.89, 0.07,     0.71, 0.07,     0.80, 0.08
6, 1.13, 1.38,     0.95, 0.93,     1.04, 1.15
7, 0.53, 1.86,     0.35, 1.24,     0.44, 0.13

0, 0.56, 0.74,     0.38, 0.75,     0.47, 0.78
1, 1.70, 23.69,     1.52, 23.82,     1.61, 23.77
2, 0.74, 1.35,     0.56, 1.38,     0.65, 1.41
3, 0.62, 1.01,     0.44, 0.93,     0.53, 1.02
4, 1.64, 21.79,     1.46, 22.13,     1.55, 22.15
5, 0.92, 0.07,     0.74, 0.07,     0.83, 0.08
6, 1.16, 1.43,     0.98, 1.00,     1.07, 1.24
7, 0.56, 2.71,     0.38, 0.98,     0.47, 0.43

0, 0.53, 0.77,     0.35, 0.71,     0.44, 0.77
1, 1.67, 23.78,     1.49, 23.81,     1.58, 23.84
2, 0.71, 1.38,     0.53, 1.34,     0.62, 1.42
3, 0.65, 0.95,     0.47, 0.97,     0.56, 1.02
4, 1.61, 22.07,     1.43, 21.97,     1.52, 22.19
5, 0.89, 0.05,     0.71, 0.06,     0.80, 0.08
6, 1.19, 1.47,     1.01, 1.09,     1.10, 1.30
7, 0.59, 3.74,     0.41, 0.63,     0.50, 1.01

0, 0.56, 0.76,     0.38, 0.74,     0.47, 0.78
1, 1.64, 23.75,     1.46, 22.54,     1.55, 23.91
2, 0.74, 1.35,     0.56, 1.38,     0.65, 1.41
3, 0.62, 0.99,     0.44, 0.93,     0.53, 1.01
4, 1.64, 22.05,     1.46, 22.14,     1.55, 22.19
5, 0.86, 0.09,     0.68, 0.04,     0.77, 0.08
6, 1.22, 1.55,     1.04, 1.17,     1.13, 1.37
7, 0.62, 4.86,     0.44, 0.27,     0.53, 1.79

0, 0.59, 0.75,     0.41, 0.78,     0.50, 0.82
1, 1.67, 23.75,     1.49, 23.84,     1.58, 23.81
2, 0.71, 1.38,     0.53, 1.31,     0.62, 1.39
3, 0.65, 0.96,     0.47, 0.98,     0.56, 1.03
4, 1.61, 21.97,     1.43, 22.04,     1.52, 22.13
5, 0.89, 0.05,     0.71, 0.07,     0.80, 0.08
6, 1.25, 1.59,     1.07, 1.24,     1.16, 1.44
7, 0.65, 6.09,     0.47, 0.28,     0.56, 2.62

0, 0.56, 0.78,     0.38, 0.75,     0.47, 0.82
1, 1.64, 23.84,     1.46, 22.51,     1.55, 23.80
2, 0.74, 1.33,     0.56, 1.36,     0.65, 1.42
3, 0.62, 1.00,     0.44, 0.93,     0.53, 1.02
4, 1.58, 22.11,     1.40, 19.79,     1.49, 22.15
5, 0.86, 0.07,     0.68, 0.07,     0.77, 0.08
6, 1.28, 1.60,     1.10, 1.32,     1.19, 1.50
7, 0.68, 7.55,     0.50, 0.86,     0.59, 3.62

0, 0.59, 0.74,     0.41, 0.77,     0.50, 0.79
1, 1.67, 23.74,     1.49, 23.86,     1.58, 23.84
2, 0.71, 1.37,     0.53, 1.30,     0.62, 1.39
3, 0.65, 0.96,     0.47, 0.97,     0.56, 1.02
4, 1.61, 22.15,     1.43, 22.10,     1.52, 22.09
5, 0.89, 0.07,     0.71, 0.06,     0.80, 0.06
6, 1.31, 1.65,     1.13, 1.39,     1.22, 1.55
7, 0.71, 9.05,     0.53, 1.65,     0.62, 4.78

0, 0.56, 0.73,     0.38, 0.75,     0.47, 0.77
1, 1.64, 23.83,     1.46, 22.55,     1.55, 23.78
2, 0.74, 1.33,     0.56, 1.38,     0.65, 1.41
3, 0.62, 1.01,     0.44, 0.93,     0.53, 1.03
4, 1.64, 21.98,     1.46, 22.11,     1.55, 22.12
5, 0.92, 0.05,     0.74, 0.07,     0.83, 0.08
6, 1.34, 1.66,     1.16, 1.45,     1.25, 1.61
7, 0.74, 10.61,     0.56, 2.58,     0.65, 6.12

0, 0.53, 0.76,     0.35, 0.72,     0.44, 0.77
1, 1.67, 23.75,     1.49, 23.85,     1.58, 23.83
2, 0.71, 1.36,     0.53, 1.31,     0.62, 1.39
3, 0.65, 0.96,     0.47, 0.98,     0.56, 1.02
4, 1.61, 22.04,     1.43, 22.09,     1.52, 22.17
5, 0.89, 0.07,     0.71, 0.06,     0.80, 0.10
6, 1.37, 1.67,     1.19, 1.52,     1.28, 1.62
7, 0.77, 12.37,     0.59, 3.62,     0.68, 7.54

0, 0.56, 0.74,     0.38, 0.74,     0.47, 0.77
1, 1.64, 23.81,     1.46, 22.38,     1.55, 23.91
2, 0.74, 1.33,     0.56, 1.39,     0.65, 1.39
3, 0.62, 0.99,     0.44, 0.94,     0.53, 1.01
4, 1.58, 22.09,     1.40, 19.71,     1.49, 22.13
5, 0.92, 0.05,     0.74, 0.07,     0.83, 0.08
6, 1.40, 1.65,     1.22, 1.57,     1.31, 1.68
7, 0.80, 14.24,     0.62, 4.78,     0.71, 9.03

0, 0.59, 0.72,     0.41, 0.77,     0.50, 0.78
1, 1.67, 23.84,     1.49, 23.87,     1.58, 23.81
2, 0.71, 1.36,     0.53, 1.30,     0.62, 1.38
3, 0.65, 0.96,     0.47, 0.95,     0.56, 1.02
4, 1.61, 22.46,     1.43, 22.02,     1.52, 22.09
5, 0.89, 0.07,     0.71, 0.06,     0.80, 0.06
6, 1.43, 1.61,     1.25, 1.62,     1.34, 1.69
7, 0.83, 16.14,     0.65, 6.12,     0.74, 10.69

0, 0.56, 0.76,     0.38, 0.74,     0.47, 0.78
1, 1.64, 23.70,     1.46, 22.68,     1.55, 23.72
2, 0.74, 1.33,     0.56, 1.35,     0.65, 1.39
3, 0.68, 0.90,     0.50, 1.00,     0.59, 1.02
4, 1.64, 21.95,     1.46, 22.09,     1.55, 22.09
5, 0.92, 0.05,     0.74, 0.07,     0.83, 0.08
6, 1.40, 1.55,     1.22, 1.68,     1.31, 1.71
7, 0.86, 14.24,     0.68, 4.75,     0.77, 9.07

0, 0.59, 0.71,     0.41, 0.78,     0.50, 0.79
1, 1.67, 23.75,     1.49, 23.76,     1.58, 23.80
2, 0.71, 1.36,     0.53, 1.30,     0.62, 1.39
3, 0.65, 0.94,     0.47, 0.97,     0.56, 1.01
4, 1.61, 21.59,     1.43, 22.05,     1.52, 22.08
5, 0.89, 0.07,     0.71, 0.07,     0.80, 0.10
6, 1.37, 1.43,     1.19, 1.71,     1.28, 1.70
7, 0.89, 12.48,     0.71, 3.54,     0.80, 7.54

0, 0.56, 0.77,     0.38, 0.74,     0.47, 0.78
1, 1.64, 23.80,     1.46, 22.63,     1.55, 23.75
2, 0.74, 1.33,     0.56, 1.38,     0.65, 1.40
3, 0.62, 0.97,     0.44, 0.92,     0.53, 1.01
4, 1.58, 21.96,     1.40, 19.93,     1.49, 22.10
5, 0.86, 0.09,     0.68, 0.05,     0.77, 0.08
6, 1.34, 1.27,     1.16, 1.77,     1.25, 1.66
7, 0.92, 10.67,     0.74, 2.51,     0.83, 6.12

0, 0.59, 0.71,     0.41, 0.77,     0.50, 0.80
1, 1.67, 23.72,     1.49, 23.80,     1.58, 23.81
2, 0.71, 1.36,     0.53, 1.29,     0.62, 1.39
3, 0.65, 0.94,     0.47, 0.95,     0.56, 1.02
4, 1.61, 21.53,     1.43, 22.07,     1.52, 22.08
5, 0.89, 0.07,     0.71, 0.04,     0.80, 0.06
6, 1.31, 1.08,     1.13, 1.79,     1.22, 1.62
7, 0.95, 9.05,     0.77, 1.54,     0.86, 4.76

0, 0.56, 0.73,     0.38, 0.74,     0.47, 0.79
1, 1.64, 23.70,     1.46, 22.57,     1.55, 23.77
2, 0.74, 1.36,     0.56, 1.36,     0.65, 1.39
3, 0.62, 1.01,     0.44, 0.93,     0.53, 1.01
4, 1.58, 22.08,     1.40, 20.01,     1.49, 22.10
5, 0.92, 0.07,     0.74, 0.04,     0.83, 0.05
6, 1.28, 0.80,     1.10, 1.82,     1.19, 1.50
7, 0.98, 7.55,     0.80, 0.79,     0.89, 3.59

0, 0.53, 0.76,     0.35, 0.72,     0.44, 0.77
1, 1.67, 23.70,     1.49, 23.81,     1.58, 23.77
2, 0.71, 1.35,     0.53, 1.33,     0.62, 1.39
3, 0.65, 0.94,     0.47, 0.97,     0.56, 1.00
4, 1.61, 21.91,     1.43, 22.04,     1.52, 22.09
5, 0.95, 0.08,     0.77, 0.08,     0.86, 0.05
6, 1.25, 0.46,     1.07, 1.78,     1.16, 1.35
7, 1.01, 6.10,     0.83, 0.09,     0.92, 2.55

0, 0.56, 0.76,     0.38, 0.75,     0.47, 0.79
1, 1.64, 23.75,     1.46, 22.48,     1.55, 23.87
2, 0.74, 1.33,     0.56, 1.37,     0.65, 1.38
3, 0.62, 0.99,     0.44, 0.93,     0.53, 1.00
4, 1.58, 22.12,     1.40, 20.06,     1.49, 22.15
5, 0.92, 0.07,     0.74, 0.03,     0.83, 0.07
6, 1.22, 0.12,     1.04, 1.74,     1.13, 1.18
7, 1.04, 4.81,     0.86, 0.46,     0.95, 1.65

0, 0.59, 0.73,     0.41, 0.77,     0.50, 0.78
1, 1.67, 23.81,     1.49, 23.81,     1.58, 23.75
2, 0.71, 1.35,     0.53, 1.28,     0.62, 1.37
3, 0.65, 0.95,     0.47, 0.98,     0.56, 1.00
4, 1.61, 21.90,     1.43, 22.05,     1.52, 22.06
5, 0.95, 0.06,     0.77, 0.06,     0.86, 0.07
6, 1.19, 0.51,     1.01, 1.66,     1.10, 0.92
7, 1.07, 3.62,     0.89, 0.87,     0.98, 0.81

0, 0.56, 0.76,     0.38, 0.75,     0.47, 0.79
1, 1.64, 23.65,     1.46, 22.75,     1.55, 23.76
2, 0.74, 1.33,     0.56, 1.35,     0.65, 1.41
3, 0.62, 0.99,     0.44, 0.94,     0.53, 1.00
4, 1.58, 22.09,     1.40, 19.92,     1.49, 22.17
5, 0.92, 0.07,     0.74, 0.06,     0.83, 0.08
6, 1.16, 1.16,     0.98, 1.52,     1.07, 0.57
7, 1.10, 2.65,     0.92, 1.22,     1.01, 0.26

0, 0.59, 0.72,     0.41, 0.77,     0.50, 0.78
1, 1.67, 23.75,     1.49, 23.77,     1.58, 23.77
2, 0.71, 1.36,     0.53, 1.29,     0.62, 1.37
3, 0.65, 0.96,     0.47, 0.97,     0.56, 1.01
4, 1.61, 21.96,     1.43, 22.11,     1.52, 22.12
5, 0.95, 0.09,     0.77, 0.08,     0.86, 0.09
6, 1.13, 2.01,     0.95, 1.33,     1.04, 0.15
7, 1.13, 1.70,     0.95, 1.45,     1.04, 0.27

0, 0.56, 0.75,     0.38, 0.74,     0.47, 0.80
1, 1.64, 23.72,     1.46, 22.72,     1.55, 23.73
2, 0.74, 1.33,     0.56, 1.33,     0.65, 1.39
3, 0.62, 0.99,     0.44, 0.92,     0.53, 1.00
4, 1.58, 22.06,     1.40, 19.98,     1.49, 22.09
5, 0.98, 0.04,     0.80, 0.08,     0.89, 0.05
6, 1.16, 3.01,     0.98, 1.12,     1.07, 0.36
7, 1.16, 2.65,     0.98, 1.18,     1.07, 0.30

0, 0.59, 0.73,     0.41, 0.77,     0.50, 0.79
1, 1.67, 23.71,     1.49, 23.86,     1.58, 23.84
2, 0.77, 1.28,     0.59, 1.40,     0.68, 1.40
3, 0.65, 0.96,     0.47, 0.96,     0.56, 1.03
4, 1.61, 22.09,     1.43, 22.09,     1.52, 22.11
5, 0.95, 0.06,     0.77, 0.06,     0.86, 0.05
6, 1.19, 4.19,     1.01, 0.77,     1.10, 1.05
7, 1.19, 3.66,     1.01, 0.79,     1.10, 0.90

0, 0.56, 0.75,     0.38, 0.74,     0.47, 0.79
1, 1.64, 23.84,     1.46, 22.56,     1.55, 23.81
2, 0.74, 1.33,     0.56, 1.34,     0.65, 1.39
3, 0.62, 0.97,     0.44, 0.93,     0.53, 1.00
4, 1.58, 22.02,     1.40, 19.76,     1.49, 22.13
5, 0.92, 0.07,     0.74, 0.07,     0.83, 0.07
6, 1.22, 5.56,     1.04, 0.31,     1.13, 1.89
7, 1.22, 4.74,     1.04, 0.33,     1.13, 1.69

0, 0.59, 0.72,     0.41, 0.77,     0.50, 0.81
1, 1.67, 23.74,     1.49, 23.73,     1.58, 23.76
2, 0.71, 1.33,     0.53, 1.30,     0.62, 1.37
3, 0.65, 0.96,     0.47, 0.96,     0.56, 1.00
4, 1.61, 22.45,     1.43, 22.07,     1.52, 22.10
5, 0.89, 0.05,     0.71, 0.06,     0.80, 0.06
6, 1.25, 7.19,     1.07, 0.23,     1.16, 2.96
7, 1.25, 5.98,     1.07, 0.17,     1.16, 2.55

0, 0.56, 0.77,     0.38, 0.76,     0.47, 0.82
1, 1.70, 23.63,     1.52, 23.83,     1.61, 23.84
2, 0.74, 1.31,     0.56, 1.33,     0.65, 1.38
3, 0.68, 0.88,     0.50, 1.00,     0.59, 0.99
4, 1.64, 21.92,     1.46, 22.13,     1.55, 22.13
5, 0.86, 0.05,     0.68, 0.05,     0.77, 0.08
6, 1.28, 8.93,     1.10, 0.90,     1.19, 4.17
7, 1.28, 7.43,     1.10, 0.81,     1.19, 3.59

0, 0.59, 0.76,     0.41, 0.80,     0.50, 0.82
1, 1.67, 23.75,     1.49, 23.75,     1.58, 23.79
2, 0.71, 1.33,     0.53, 1.29,     0.62, 1.36
3, 0.65, 0.95,     0.47, 0.97,     0.56, 1.00
4, 1.61, 21.59,     1.43, 22.07,     1.52, 22.09
5, 0.83, 0.08,     0.65, 0.04,     0.74, 0.07
6, 1.31, 10.77,     1.13, 1.85,     1.22, 5.58
7, 1.31, 8.85,     1.13, 1.56,     1.22, 4.72

0, 0.56, 0.80,     0.38, 0.75,     0.47, 0.81
1, 1.70, 23.64,     1.52, 23.78,     1.61, 23.77
2, 0.74, 1.31,     0.56, 1.33,     0.65, 1.37
3, 0.62, 0.98,     0.44, 0.93,     0.53, 1.00
4, 1.58, 22.02,     1.40, 19.74,     1.49, 22.13
5, 0.86, 0.07,     0.68, 0.05,     0.77, 0.03
6, 1.34, 12.73,     1.16, 2.89,     1.25, 7.24
7, 1.34, 10.45,     1.16, 2.51,     1.25, 5.98

0, 0.59, 0.75,     0.41, 0.79,     0.50, 0.81
1, 1.67, 23.74,     1.49, 23.81,     1.58, 23.83
2, 0.71, 1.34,     0.53, 1.27,     0.62, 1.35
3, 0.65, 0.93,     0.47, 0.96,     0.56, 0.99
4, 1.61, 22.08,     1.43, 21.91,     1.52, 22.14
5, 0.89, 0.09,     0.71, 0.07,     0.80, 0.08
6, 1.37, 14.87,     1.19, 4.12,     1.28, 8.99
7, 1.37, 12.17,     1.19, 3.49,     1.28, 7.43

0, 0.56, 0.77,     0.38, 0.77,     0.47, 0.82
1, 1.64, 23.87,     1.46, 22.40,     1.55, 23.87
2, 0.74, 1.31,     0.56, 1.32,     0.65, 1.36
3, 0.62, 0.98,     0.44, 0.93,     0.53, 1.00
4, 1.64, 21.99,     1.46, 22.14,     1.55, 22.14
5, 0.92, 0.07,     0.74, 0.04,     0.83, 0.07
6, 1.40, 17.15,     1.22, 5.56,     1.31, 10.80
7, 1.40, 13.91,     1.22, 4.72,     1.31, 8.87

0, 0.53, 0.79,     0.35, 0.73,     0.44, 0.79
1, 1.67, 23.78,     1.49, 23.78,     1.58, 23.86
2, 0.71, 1.34,     0.53, 1.28,     0.62, 1.38
3, 0.65, 0.95,     0.47, 0.97,     0.56, 1.00
4, 1.61, 22.16,     1.43, 21.74,     1.52, 22.13
5, 0.95, 0.04,     0.77, 0.08,     0.86, 0.07
6, 1.43, 19.59,     1.25, 7.22,     1.34, 12.84
7, 1.43, 15.74,     1.25, 5.99,     1.34, 10.45

0, 0.56, 0.79,     0.38, 0.76,     0.47, 0.80
1, 1.67, 23.75,     1.49, 23.77,     1.58, 23.83
2, 0.74, 1.32,     0.56, 1.35,     0.65, 1.35
3, 0.62, 0.99,     0.44, 0.94,     0.53, 1.02
4, 1.64, 22.04,     1.46, 22.13,     1.55, 22.13
5, 0.92, 0.04,     0.74, 0.06,     0.83, 0.08
6, 1.46, 22.10,     1.28, 8.96,     1.37, 15.01
7, 1.46, 17.77,     1.28, 7.40,     1.37, 12.22

0, 0.59, 0.76,     0.41, 0.78,     0.50, 0.82
1, 1.64, 23.78,     1.46, 22.27,     1.55, 23.74
2, 0.71, 1.34,     0.53, 1.28,     0.62, 1.36
3, 0.65, 0.96,     0.47, 0.96,     0.56, 1.02
4, 1.61, 22.03,     1.43, 21.53,     1.52, 22.18
5, 0.89, 0.09,     0.71, 0.04,     0.80, 0.06
6, 1.49, 23.42,     1.31, 10.85,     1.40, 17.32
7, 1.49, 19.85,     1.31, 8.95,     1.40, 14.03

0, 0.56, 0.79,     0.38, 0.77,     0.47, 0.82
1, 1.67, 23.80,     1.49, 23.78,     1.58, 23.75
2, 0.74, 1.32,     0.56, 1.33,     0.65, 1.37
3, 0.62, 1.00,     0.44, 0.94,     0.53, 1.01
4, 1.64, 21.94,     1.46, 22.16,     1.55, 22.16
5, 0.92, 0.09,     0.74, 0.06,     0.83, 0.07
6, 1.52, 23.42,     1.34, 12.84,     1.43, 19.76
7, 1.52, 22.16,     1.34, 10.56,     1.43, 15.83

0, 0.59, 0.78,     0.41, 0.78,     0.50, 0.80
1, 1.70, 23.85,     1.52, 23.79,     1.61, 23.88
2, 0.71, 1.33,     0.53, 1.28,     0.62, 1.36
3, 0.65, 0.95,     0.47, 0.97,     0.56, 1.01
4, 1.61, 22.34,     1.43, 21.45,     1.52, 22.14
5, 0.95, 0.04,     0.77, 0.06,     0.86, 0.08
6, 1.55, 23.42,     1.37, 15.06,     1.46, 22.26
7, 1.55, 24.00,     1.37, 12.30,     1.46, 17.95

0, 0.56, 0.78,     0.38, 0.77,     0.47, 0.81
1, 1.73, 23.79,     1.55, 23.84,     1.64, 23.88
2, 0.74, 1.31,     0.56, 1.33,     0.65, 1.36
3, 0.62, 1.00,     0.44, 0.93,     0.53, 1.00
4, 1.64, 22.12,     1.46, 22.08,     1.55, 22.10
5, 0.92, 0.07,     0.74, 0.04,     0.83, 0.08
6, 1.58, 23.32,     1.40, 17.40,     1.49, 23.36
7, 1.58, 24.08,     1.40, 14.03,     1.49, 20.04

0, 0.59, 0.76,     0.41, 0.80,     0.50, 0.79
1, 1.70, 23.78,     1.52, 23.91,     1.61, 23.89
2, 0.71, 1.34,     0.53, 1.28,     0.62, 1.35
3, 0.65, 0.96,     0.47, 0.98,     0.56, 1.02
4, 1.67, 21.88,     1.49, 22.10,     1.58, 22.09
5, 0.95, 0.07,     0.77, 0.06,     0.86, 0.05
6, 1.61, 23.36,     1.43, 19.76,     1.52, 23.38
7, 1.61, 24.02,     1.43, 15.91,     1.52, 22.34

0, 0.56, 0.78,     0.38, 0.76,     0.47, 0.81
1, 1.67, 23.85,     1.49, 23.82,     1.58, 23.85
2, 0.74, 1.30,     0.56, 1.34,     0.65, 1.40
3, 0.62, 0.99,     0.44, 0.93,     0.53, 1.01
4, 1.64, 22.12,     1.46, 22.13,     1.55, 22.10
5, 0.98, 0.08,     0.80, 0.05,     0.89, 0.05
6, 1.64, 23.29,     1.46, 22.32,     1.55, 23.46
7, 1.64, 24.03,     1.46, 17.94,     1.55, 24.05

0, 0.59, 0.79,     0.41, 0.82,     0.50, 0.83
1, 1.70, 23.75,     1.52, 23.85,     1.61, 23.77
2, 0.71, 1.36,     0.53, 1.29,     0.62, 1.35
3, 0.65, 0.97,     0.47, 0.96,     0.56, 1.01
4, 1.61, 22.00,     1.43, 21.03,     1.52, 22.13
5, 1.01, 0.06,     0.83, 0.07,     0.92, 0.07
6, 1.67, 23.26,     1.49, 23.36,     1.58, 23.38
7, 1.67, 23.91,     1.49, 20.10,     1.58, 24.05

0, 0.56, 0.79,     0.38, 0.75,     0.47, 0.83
1, 1.67, 23.73,     1.49, 23.69,     1.58, 23.75
2, 0.74, 1.30,     0.56, 1.33,     0.65, 1.36
3, 0.68, 0.91,     0.50, 1.00,     0.59, 1.04
4, 1.64, 22.01,     1.46, 22.10,     1.55, 22.13
5, 0.98, 0.08,     0.80, 0.08,     0.89, 0.07
6, 1.64, 23.21,     1.46, 23.39,     1.55, 23.41
7, 1.70, 24.05,     1.52, 17.99,     1.61, 24.05

0, 0.59, 0.80,     0.41, 0.80,     0.50, 0.84
1, 1.70, 23.64,     1.52, 23.76,     1.61, 23.77
2, 0.71, 1.34,     0.53, 1.29,     0.62, 1.36
3, 0.65, 0.97,     0.47, 0.96,     0.56, 1.00
4, 1.61, 21.94,     1.43, 21.32,     1.52, 22.07
5, 0.95, 0.04,     0.77, 0.08,     0.86, 0.08
6, 1.61, 23.18,     1.43, 23.38,     1.52, 23.19
7, 1.73, 24.04,     1.55, 15.96,     1.64, 22.40

0, 0.56, 0.82,     0.38, 0.79,     0.47, 0.81
1, 1.67, 23.73,     1.49, 23.77,     1.58, 23.75
2, 0.74, 1.29,     0.56, 1.32,     0.65, 1.37
3, 0.68, 0.89,     0.50, 1.00,     0.59, 1.02
4, 1.64, 22.25,     1.46, 22.06,     1.55, 22.15
5, 0.92, 0.07,     0.74, 0.07,     0.83, 0.08
6, 1.58, 23.24,     1.40, 23.39,     1.49, 23.28
7, 1.76, 24.04,     1.58, 14.03,     1.67, 20.17

0, 0.59, 0.83,     0.41, 0.82,     0.50, 0.87
1, 1.64, 23.72,     1.46, 22.44,     1.55, 23.71
2, 0.71, 1.34,     0.53, 1.29,     0.62, 1.35
3, 0.65, 0.96,     0.47, 0.97,     0.56, 1.02
4, 1.67, 21.87,     1.49, 22.07,     1.58, 21.91
5, 0.89, 0.09,     0.71, 0.07,     0.80, 0.08
6, 1.55, 23.18,     1.37, 23.43,     1.46, 23.18
7, 1.79, 24.02,     1.61, 12.23,     1.70, 17.97

0, 0.62, 0.81,     0.44, 0.85,     0.53, 0.85
1, 1.67, 23.68,     1.49, 23.68,     1.58, 23.73
2, 0.74, 1.31,     0.56, 1.33,     0.65, 1.36
3, 0.62, 0.99,     0.44, 0.93,     0.53, 1.00
4, 1.64, 22.15,     1.46, 22.10,     1.55, 21.99
5, 0.92, 0.04,     0.74, 0.07,     0.83, 0.07
6, 1.52, 23.25,     1.34, 23.19,     1.43, 23.14
7, 1.82, 22.37,     1.64, 10.37,     1.73, 15.96

0, 0.59, 0.82,     0.41, 0.82,     0.50, 0.86
1, 1.70, 23.62,     1.52, 23.71,     1.61, 23.71
2, 0.71, 1.30,     0.53, 1.28,     0.62, 1.32
3, 0.65, 0.93,     0.47, 0.98,     0.56, 1.02
4, 1.67, 21.85,     1.49, 22.04,     1.58, 22.08
5, 0.89, 0.09,     0.71, 0.04,     0.80, 0.06
6, 1.55, 23.22,     1.37, 23.28,     1.46, 23.16
7, 1.85, 24.01,     1.67, 12.24,     1.76, 17.95

0, 0.62, 0.79,     0.44, 0.84,     0.53, 0.86
1, 1.67, 23.72,     1.49, 23.68,     1.58, 23.70
2, 0.74, 1.31,     0.56, 1.33,     0.65, 1.36
3, 0.62, 0.99,     0.44, 0.93,     0.53, 1.01
4, 1.64, 21.45,     1.46, 21.97,     1.55, 21.91
5, 0.92, 0.07,     0.74, 0.07,     0.83, 0.10
6, 1.52, 23.15,     1.34, 23.18,     1.43, 23.16
7, 1.88, 22.33,     1.70, 10.36,     1.79, 15.90

0, 0.59, 0.82,     0.41, 0.80,     0.50, 0.84
1, 1.70, 23.60,     1.52, 23.74,     1.61, 23.73
2, 0.71, 1.32,     0.53, 1.28,     0.62, 1.36
3, 0.65, 0.96,     0.47, 0.96,     0.56, 1.01
4, 1.61, 22.00,     1.43, 21.65,     1.52, 21.88
5, 0.89, 0.05,     0.71, 0.07,     0.80, 0.08
6, 1.49, 23.11,     1.31, 23.25,     1.40, 23.25
7, 1.91, 20.12,     1.73, 8.79,     1.82, 14.04

0, 0.62, 0.78,     0.44, 0.83,     0.53, 0.86
1, 1.67, 23.80,     1.49, 23.76,     1.58, 23.81
2, 0.74, 1.31,     0.56, 1.33,     0.65, 1.35
3, 0.62, 0.98,     0.44, 0.93,     0.53, 1.01
4, 1.64, 21.32,     1.46, 22.05,     1.55, 21.96
5, 0.86, 0.07,     0.68, 0.05,     0.77, 0.06
6, 1.46, 23.21,     1.28, 23.16,     1.37, 23.14
7, 1.94, 17.96,     1.76, 7.28,     1.85, 12.17

0, 0.59, 0.81,     0.41, 0.83,     0.50, 0.83
1, 1.70, 23.72,     1.52, 23.81,     1.61, 23.78
2, 0.71, 1.30,     0.53, 1.27,     0.62, 1.35
3, 0.65, 0.93,     0.47, 0.96,     0.56, 1.02
4, 1.61, 21.87,     1.43, 21.74,     1.52, 22.14
5, 0.89, 0.05,     0.71, 0.06,     0.80, 0.08
6, 1.49, 23.12,     1.31, 23.28,     1.40, 23.24
7, 1.97, 20.10,     1.79, 8.82,     1.88, 14.01

0, 0.56, 0.81,     0.38, 0.77,     0.47, 0.82
1, 1.67, 23.74,     1.49, 23.75,     1.58, 23.87
2, 0.74, 1.30,     0.56, 1.32,     0.65, 1.33
3, 0.62, 0.98,     0.44, 0.93,     0.53, 1.00
4, 1.64, 21.64,     1.46, 22.01,     1.55, 21.97
5, 0.86, 0.10,     0.68, 0.05,     0.77, 0.08
6, 1.46, 23.14,     1.28, 23.14,     1.37, 23.18
7, 2.00, 17.91,     1.82, 7.23,     1.91, 12.26

0, 0.59, 0.78,     0.41, 0.81,     0.50, 0.82
1, 1.64, 23.76,     1.46, 22.16,     1.55, 23.80
2, 0.71, 1.30,     0.53, 1.28,     0.62, 1.34
3, 0.65, 0.96,     0.47, 0.97,     0.56, 1.03
4, 1.61, 21.82,     1.43, 21.68,     1.52, 22.05
5, 0.89, 0.07,     0.71, 0.06,     0.80, 0.08
6, 1.49, 23.21,     1.31, 23.19,     1.40, 23.21
7, 2.03, 20.10,     1.85, 8.82,     1.94, 14.04

0, 0.56, 0.78,     0.38, 0.76,     0.47, 0.81
1, 1.67, 23.80,     1.49, 23.68,     1.58, 23.72
2, 0.74, 1.31,     0.56, 1.31,     0.65, 1.35
3, 0.62, 0.98,     0.44, 0.92,     0.53, 1.00
4, 1.64, 21.79,     1.46, 22.04,     1.55, 21.99
5, 0.92, 0.09,     0.74, 0.07,     0.83, 0.08
6, 1.52, 23.26,     1.34, 23.19,     1.43, 23.14
7, 2.06, 22.35,     1.88, 10.42,     1.97, 15.97

0, 0.59, 0.74,     0.41, 0.78,     0.50, 0.80
1, 1.70, 23.65,     1.52, 23.68,     1.61, 23.69
2, 0.71, 1.33,     0.53, 1.28,     0.62, 1.34
3, 0.65, 0.96,     0.47, 0.97,     0.56, 1.04
4, 1.61, 22.06,     1.43, 21.53,     1.52, 22.10
5, 0.95, 0.06,     0.77, 0.06,     0.86, 0.05
6, 1.55, 23.24,     1.37, 23.31,     1.46, 23.25
7, 2.09, 23.99,     1.91, 12.23,     2.00, 18.02

0, 0.56, 0.78,     0.38, 0.76,     0.47, 0.79
1, 1.67, 23.65,     1.49, 23.72,     1.58, 23.68
2, 0.74, 1.28,     0.56, 1.32,     0.65, 1.35
3, 0.62, 1.01,     0.44, 0.93,     0.53, 1.00
4, 1.64, 22.52,     1.46, 22.05,     1.55, 21.96
5, 0.92, 0.05,     0.74, 0.07,     0.83, 0.07
6, 1.52, 23.32,     1.34, 23.16,     1.43, 23.14
7, 2.12, 22.45,     1.94, 10.47,     2.03, 15.98
